Date
03-09
