Average_log2_h4_h3,Variance_log2_h4_h3,Max_min_difference_log2_h4_h3,QTL_source_right_study_of_max_log2_h4_h3
11.3198,0.0109,0.1813,PhLiPS
