ID,Month_number
jackchristopher,12
