customer_id,month_year,OPENING_BALANCE,MONTHLY_CHANGE,CLOSING_BALANCE
1,2020-01,0,312,312
1,2020-02,312,0,312
1,2020-03,312,1600,1912
1,2020-04,1912,0,1912
2,2020-01,0,549,549
2,2020-02,549,0,549
2,2020-03,549,61,610
2,2020-04,610,0,610
3,2020-01,0,144,144
3,2020-02,144,965,1109
3,2020-03,1109,401,1510
3,2020-04,1510,493,2003
4,2020-01,0,848,848
4,2020-02,848,0,848
4,2020-03,848,193,1041
4,2020-04,1041,0,1041
5,2020-01,0,2606,2606
5,2020-02,2606,0,2606
5,2020-03,2606,5137,7743
5,2020-04,7743,490,8233
6,2020-01,0,2521,2521
6,2020-02,2521,1477,3998
6,2020-03,3998,5106,9104
6,2020-04,9104,0,9104
7,2020-01,0,964,964
7,2020-02,964,2363,3327
7,2020-03,3327,2086,5413
7,2020-04,5413,1140,6553
8,2020-01,0,1719,1719
8,2020-02,1719,180,1899
8,2020-03,1899,2376,4275
8,2020-04,4275,972,5247
9,2020-01,0,849,849
9,2020-02,849,195,1044
9,2020-03,1044,1822,2866
9,2020-04,2866,2628,5494
10,2020-01,0,3770,3770
10,2020-02,3770,2368,6138
10,2020-03,6138,1411,7549
10,2020-04,7549,2951,10500
11,2020-01,0,1864,1864
11,2020-02,1864,725,2589
11,2020-03,2589,4049,6638
11,2020-04,6638,328,6966
12,2020-01,0,312,312
12,2020-02,312,0,312
12,2020-03,312,1681,1993
12,2020-04,1993,0,1993
13,2020-01,0,2282,2282
13,2020-02,2282,1411,3693
13,2020-03,3693,1402,5095
13,2020-04,5095,0,5095
14,2020-01,0,205,205
14,2020-02,205,616,821
14,2020-03,821,0,821
14,2020-04,821,1344,2165
15,2020-01,0,379,379
15,2020-02,379,0,379
15,2020-03,379,0,379
15,2020-04,379,723,1102
16,2020-01,0,3443,3443
16,2020-02,3443,3390,6833
16,2020-03,6833,1391,8224
16,2020-04,8224,862,9086
17,2020-01,0,465,465
17,2020-02,465,1357,1822
17,2020-03,1822,0,1822
17,2020-04,1822,0,1822
18,2020-01,0,757,757
18,2020-02,757,1181,1938
18,2020-03,1938,1874,3812
18,2020-04,3812,27,3839
19,2020-01,0,106,106
19,2020-02,106,239,345
19,2020-03,345,1068,1413
19,2020-04,1413,343,1756
20,2020-01,0,1271,1271
20,2020-02,1271,1050,2321
20,2020-03,2321,257,2578
20,2020-04,2578,0,2578
21,2020-01,0,1680,1680
21,2020-02,1680,1948,3628
21,2020-03,3628,2742,6370
21,2020-04,6370,1379,7749
22,2020-01,0,1353,1353
22,2020-02,1353,4524,5877
22,2020-03,5877,3506,9383
22,2020-04,9383,2665,12048
23,2020-01,0,574,574
23,2020-02,574,408,982
23,2020-03,982,1510,2492
23,2020-04,2492,522,3014
24,2020-01,0,615,615
24,2020-02,615,1942,2557
24,2020-03,2557,1109,3666
24,2020-04,3666,0,3666
25,2020-01,0,174,174
25,2020-02,174,1092,1266
25,2020-03,1266,2050,3316
25,2020-04,3316,1486,4802
26,2020-01,0,1314,1314
26,2020-02,1314,669,1983
26,2020-03,1983,1045,3028
26,2020-04,3028,1248,4276
27,2020-01,0,3397,3397
27,2020-02,3397,4198,7595
27,2020-03,7595,3587,11182
27,2020-04,11182,0,11182
28,2020-01,0,451,451
28,2020-02,451,1269,1720
28,2020-03,1720,958,2678
28,2020-04,2678,1500,4178
29,2020-01,0,1626,1626
29,2020-02,1626,1812,3438
29,2020-03,3438,2871,6309
29,2020-04,6309,2979,9288
30,2020-01,0,33,33
30,2020-02,33,464,497
30,2020-03,497,0,497
30,2020-04,497,939,1436
31,2020-01,0,83,83
31,2020-02,83,0,83
31,2020-03,83,2128,2211
31,2020-04,2211,0,2211
32,2020-01,0,1907,1907
32,2020-02,1907,1879,3786
32,2020-03,3786,1219,5005
32,2020-04,5005,158,5163
33,2020-01,0,473,473
33,2020-02,473,1609,2082
33,2020-03,2082,3331,5413
33,2020-04,5413,1808,7221
34,2020-01,0,976,976
34,2020-02,976,1323,2299
34,2020-03,2299,492,2791
34,2020-04,2791,0,2791
35,2020-01,0,2309,2309
35,2020-02,2309,1328,3637
35,2020-03,3637,3280,6917
35,2020-04,6917,0,6917
36,2020-01,0,149,149
36,2020-02,149,1839,1988
36,2020-03,1988,1311,3299
36,2020-04,3299,1734,5033
37,2020-01,0,1807,1807
37,2020-02,1807,4997,6804
37,2020-03,6804,1971,8775
37,2020-04,8775,3214,11989
38,2020-01,0,1823,1823
38,2020-02,1823,1948,3771
38,2020-03,3771,3309,7080
38,2020-04,7080,2270,9350
39,2020-01,0,1429,1429
39,2020-02,1429,1987,3416
39,2020-03,3416,1000,4416
39,2020-04,4416,3688,8104
40,2020-01,0,1367,1367
40,2020-02,1367,2682,4049
40,2020-03,4049,2338,6387
40,2020-04,6387,867,7254
41,2020-01,0,1626,1626
41,2020-02,1626,1425,3051
41,2020-03,3051,4948,7999
41,2020-04,7999,916,8915
42,2020-01,0,1839,1839
42,2020-02,1839,3328,5167
42,2020-03,5167,1954,7121
42,2020-04,7121,999,8120
43,2020-01,0,837,837
43,2020-02,837,1955,2792
43,2020-03,2792,2099,4891
43,2020-04,4891,1360,6251
44,2020-01,0,832,832
44,2020-02,832,671,1503
44,2020-03,1503,0,1503
44,2020-04,1503,320,1823
45,2020-01,0,4968,4968
45,2020-02,4968,2092,7060
45,2020-03,7060,1736,8796
45,2020-04,8796,0,8796
46,2020-01,0,1512,1512
46,2020-02,1512,1074,2586
46,2020-03,2586,1510,4096
46,2020-04,4096,2098,6194
47,2020-01,0,2493,2493
47,2020-02,2493,2298,4791
47,2020-03,4791,3313,8104
47,2020-04,8104,307,8411
48,2020-01,0,4496,4496
48,2020-02,4496,2316,6812
48,2020-03,6812,1717,8529
48,2020-04,8529,0,8529
49,2020-01,0,2343,2343
49,2020-02,2343,1383,3726
49,2020-03,3726,6202,9928
49,2020-04,9928,0,9928
50,2020-01,0,931,931
50,2020-02,931,2163,3094
50,2020-03,3094,2767,5861
50,2020-04,5861,295,6156
51,2020-01,0,433,433
51,2020-02,433,1712,2145
51,2020-03,2145,2058,4203
51,2020-04,4203,585,4788
52,2020-01,0,1140,1140
52,2020-02,1140,1472,2612
52,2020-03,2612,0,2612
52,2020-04,2612,0,2612
53,2020-01,0,22,22
53,2020-02,22,188,210
53,2020-03,210,1394,1604
53,2020-04,1604,1329,2933
54,2020-01,0,1658,1658
54,2020-02,1658,29,1687
54,2020-03,1687,1096,2783
54,2020-04,2783,435,3218
55,2020-01,0,380,380
55,2020-02,380,3078,3458
55,2020-03,3458,869,4327
55,2020-04,4327,862,5189
56,2020-01,0,1795,1795
56,2020-02,1795,1823,3618
56,2020-03,3618,2303,5921
56,2020-04,5921,2025,7946
57,2020-01,0,1756,1756
57,2020-02,1756,515,2271
57,2020-03,2271,765,3036
57,2020-04,3036,0,3036
58,2020-01,0,1933,1933
58,2020-02,1933,2958,4891
58,2020-03,4891,3367,8258
58,2020-04,8258,1329,9587
59,2020-01,0,924,924
59,2020-02,924,1266,2190
59,2020-03,2190,538,2728
59,2020-04,2728,854,3582
60,2020-01,0,1405,1405
60,2020-02,1405,857,2262
60,2020-03,2262,1789,4051
60,2020-04,4051,424,4475
61,2020-01,0,1754,1754
61,2020-02,1754,1611,3365
61,2020-03,3365,6185,9550
61,2020-04,9550,1163,10713
62,2020-01,0,648,648
62,2020-02,648,0,648
62,2020-03,648,551,1199
62,2020-04,1199,0,1199
63,2020-01,0,800,800
63,2020-02,800,1347,2147
63,2020-03,2147,2993,5140
63,2020-04,5140,0,5140
64,2020-01,0,2332,2332
64,2020-02,2332,876,3208
64,2020-03,3208,1621,4829
64,2020-04,4829,0,4829
65,2020-01,0,1355,1355
65,2020-02,1355,0,1355
65,2020-03,1355,995,2350
65,2020-04,2350,931,3281
66,2020-01,0,2125,2125
66,2020-02,2125,479,2604
66,2020-03,2604,2009,4613
66,2020-04,4613,0,4613
67,2020-01,0,1593,1593
67,2020-02,1593,1758,3351
67,2020-03,3351,2839,6190
67,2020-04,6190,1516,7706
68,2020-01,0,574,574
68,2020-02,574,296,870
68,2020-03,870,2178,3048
68,2020-04,3048,0,3048
69,2020-01,0,2033,2033
69,2020-02,2033,4711,6744
69,2020-03,6744,3546,10290
69,2020-04,10290,747,11037
70,2020-01,0,2566,2566
70,2020-02,2566,1239,3805
70,2020-03,3805,2425,6230
70,2020-04,6230,0,6230
71,2020-01,0,128,128
71,2020-02,128,801,929
71,2020-03,929,592,1521
71,2020-04,1521,0,1521
72,2020-01,0,796,796
72,2020-02,796,2379,3175
72,2020-03,3175,2131,5306
72,2020-04,5306,647,5953
73,2020-01,0,513,513
73,2020-02,513,0,513
73,2020-03,513,0,513
73,2020-04,513,0,513
74,2020-01,0,229,229
74,2020-02,229,0,229
74,2020-03,229,89,318
74,2020-04,318,0,318
75,2020-01,0,234,234
75,2020-02,234,60,294
75,2020-03,294,0,294
75,2020-04,294,0,294
76,2020-01,0,5245,5245
76,2020-02,5245,4236,9481
76,2020-03,9481,1646,11127
76,2020-04,11127,0,11127
77,2020-01,0,120,120
77,2020-02,120,381,501
77,2020-03,501,1120,1621
77,2020-04,1621,0,1621
78,2020-01,0,1278,1278
78,2020-02,1278,2272,3550
78,2020-03,3550,1273,4823
78,2020-04,4823,259,5082
79,2020-01,0,521,521
79,2020-02,521,859,1380
79,2020-03,1380,0,1380
79,2020-04,1380,0,1380
80,2020-01,0,795,795
80,2020-02,795,395,1190
80,2020-03,1190,728,1918
80,2020-04,1918,423,2341
81,2020-01,0,403,403
81,2020-02,403,1360,1763
81,2020-03,1763,2625,4388
81,2020-04,4388,1866,6254
82,2020-01,0,6346,6346
82,2020-02,6346,74,6420
82,2020-03,6420,2397,8817
82,2020-04,8817,1365,10182
83,2020-01,0,2535,2535
83,2020-02,2535,1791,4326
83,2020-03,4326,3338,7664
83,2020-04,7664,365,8029
84,2020-01,0,968,968
84,2020-02,968,0,968
84,2020-03,968,359,1327
84,2020-04,1327,0,1327
85,2020-01,0,467,467
85,2020-02,467,0,467
85,2020-03,467,609,1076
85,2020-04,1076,430,1506
86,2020-01,0,2234,2234
86,2020-02,2234,3106,5340
86,2020-03,5340,4881,10221
86,2020-04,10221,0,10221
87,2020-01,0,1919,1919
87,2020-02,1919,2875,4794
87,2020-03,4794,197,4991
87,2020-04,4991,1622,6613
88,2020-01,0,1851,1851
88,2020-02,1851,1053,2904
88,2020-03,2904,1488,4392
88,2020-04,4392,84,4476
89,2020-01,0,210,210
89,2020-02,210,1889,2099
89,2020-03,2099,2818,4917
89,2020-04,4917,3296,8213
90,2020-01,0,2690,2690
90,2020-02,2690,4581,7271
90,2020-03,7271,1239,8510
90,2020-04,8510,222,8732
91,2020-01,0,2445,2445
91,2020-02,2445,4326,6771
91,2020-03,6771,2719,9490
91,2020-04,9490,165,9655
92,2020-01,0,985,985
92,2020-02,985,0,985
92,2020-03,985,843,1828
92,2020-04,1828,0,1828
93,2020-01,0,1585,1585
93,2020-02,1585,3826,5411
93,2020-03,5411,1903,7314
93,2020-04,7314,218,7532
94,2020-01,0,2570,2570
94,2020-02,2570,746,3316
94,2020-03,3316,1426,4742
94,2020-04,4742,0,4742
95,2020-01,0,217,217
95,2020-02,217,4351,4568
95,2020-03,4568,4142,8710
95,2020-04,8710,0,8710
96,2020-01,0,2234,2234
96,2020-02,2234,679,2913
96,2020-03,2913,3353,6266
96,2020-04,6266,0,6266
97,2020-01,0,2723,2723
97,2020-02,2723,1999,4722
97,2020-03,4722,2639,7361
97,2020-04,7361,0,7361
98,2020-01,0,622,622
98,2020-02,622,335,957
98,2020-03,957,1272,2229
98,2020-04,2229,1427,3656
99,2020-01,0,949,949
99,2020-02,949,189,1138
99,2020-03,1138,23,1161
99,2020-04,1161,0,1161
100,2020-01,0,1081,1081
100,2020-02,1081,1578,2659
100,2020-03,2659,2876,5535
100,2020-04,5535,0,5535
101,2020-01,0,756,756
101,2020-02,756,840,1596
101,2020-03,1596,2437,4033
101,2020-04,4033,0,4033
102,2020-01,0,917,917
102,2020-02,917,3379,4296
102,2020-03,4296,4597,8893
102,2020-04,8893,2635,11528
103,2020-01,0,1970,1970
103,2020-02,1970,1090,3060
103,2020-03,3060,3329,6389
103,2020-04,6389,0,6389
104,2020-01,0,1363,1363
104,2020-02,1363,1650,3013
104,2020-03,3013,1573,4586
104,2020-04,4586,0,4586
105,2020-01,0,1014,1014
105,2020-02,1014,848,1862
105,2020-03,1862,2453,4315
105,2020-04,4315,213,4528
106,2020-01,0,1021,1021
106,2020-02,1021,2491,3512
106,2020-03,3512,1983,5495
106,2020-04,5495,1351,6846
107,2020-01,0,1220,1220
107,2020-02,1220,546,1766
107,2020-03,1766,0,1766
107,2020-04,1766,0,1766
108,2020-01,0,530,530
108,2020-02,530,1266,1796
108,2020-03,1796,808,2604
108,2020-04,2604,2688,5292
109,2020-01,0,429,429
109,2020-02,429,2062,2491
109,2020-03,2491,0,2491
109,2020-04,2491,0,2491
110,2020-01,0,6848,6848
110,2020-02,6848,1888,8736
110,2020-03,8736,2185,10921
110,2020-04,10921,0,10921
111,2020-01,0,101,101
111,2020-02,101,362,463
111,2020-03,463,364,827
111,2020-04,827,0,827
112,2020-01,0,945,945
112,2020-02,945,2100,3045
112,2020-03,3045,1009,4054
112,2020-04,4054,0,4054
113,2020-01,0,539,539
113,2020-02,539,1063,1602
113,2020-03,1602,2016,3618
113,2020-04,3618,1152,4770
114,2020-01,0,743,743
114,2020-02,743,0,743
114,2020-03,743,574,1317
114,2020-04,1317,974,2291
115,2020-01,0,144,144
115,2020-02,144,989,1133
115,2020-03,1133,1831,2964
115,2020-04,2964,965,3929
116,2020-01,0,167,167
116,2020-02,167,802,969
116,2020-03,969,490,1459
116,2020-04,1459,213,1672
117,2020-01,0,35,35
117,2020-02,35,1645,1680
117,2020-03,1680,1350,3030
117,2020-04,3030,0,3030
118,2020-01,0,2049,2049
118,2020-02,2049,176,2225
118,2020-03,2225,1360,3585
118,2020-04,3585,0,3585
119,2020-01,0,62,62
119,2020-02,62,0,62
119,2020-03,62,969,1031
119,2020-04,1031,417,1448
120,2020-01,0,824,824
120,2020-02,824,4995,5819
120,2020-03,5819,2813,8632
120,2020-04,8632,1023,9655
121,2020-01,0,1992,1992
121,2020-02,1992,1812,3804
121,2020-03,3804,1773,5577
121,2020-04,5577,0,5577
122,2020-01,0,480,480
122,2020-02,480,238,718
122,2020-03,718,1095,1813
122,2020-04,1813,2381,4194
123,2020-01,0,1563,1563
123,2020-02,1563,1560,3123
123,2020-03,3123,1465,4588
123,2020-04,4588,3000,7588
124,2020-01,0,1873,1873
124,2020-02,1873,2001,3874
124,2020-03,3874,3069,6943
124,2020-04,6943,0,6943
125,2020-01,0,2065,2065
125,2020-02,2065,3422,5487
125,2020-03,5487,2065,7552
125,2020-04,7552,0,7552
126,2020-01,0,1026,1026
126,2020-02,1026,5254,6280
126,2020-03,6280,2646,8926
126,2020-04,8926,0,8926
127,2020-01,0,217,217
127,2020-02,217,486,703
127,2020-03,703,0,703
127,2020-04,703,969,1672
128,2020-01,0,410,410
128,2020-02,410,1210,1620
128,2020-03,1620,920,2540
128,2020-04,2540,1216,3756
129,2020-01,0,1482,1482
129,2020-02,1482,2226,3708
129,2020-03,3708,1172,4880
129,2020-04,4880,2075,6955
130,2020-01,0,1754,1754
130,2020-02,1754,912,2666
130,2020-03,2666,3234,5900
130,2020-04,5900,0,5900
131,2020-01,0,5656,5656
131,2020-02,5656,3097,8753
131,2020-03,8753,3511,12264
131,2020-04,12264,0,12264
132,2020-01,0,1282,1282
132,2020-02,1282,1590,2872
132,2020-03,2872,2412,5284
132,2020-04,5284,329,5613
133,2020-01,0,914,914
133,2020-02,914,12,926
133,2020-03,926,0,926
133,2020-04,926,0,926
134,2020-01,0,3596,3596
134,2020-02,3596,1874,5470
134,2020-03,5470,1946,7416
134,2020-04,7416,0,7416
135,2020-01,0,1794,1794
135,2020-02,1794,2717,4511
135,2020-03,4511,380,4891
135,2020-04,4891,0,4891
136,2020-01,0,2233,2233
136,2020-02,2233,487,2720
136,2020-03,2720,895,3615
136,2020-04,3615,904,4519
137,2020-01,0,1366,1366
137,2020-02,1366,752,2118
137,2020-03,2118,0,2118
137,2020-04,2118,0,2118
138,2020-01,0,1316,1316
138,2020-02,1316,3926,5242
138,2020-03,5242,1513,6755
138,2020-04,6755,850,7605
139,2020-01,0,2040,2040
139,2020-02,2040,460,2500
139,2020-03,2500,5489,7989
139,2020-04,7989,0,7989
140,2020-01,0,803,803
140,2020-02,803,723,1526
140,2020-03,1526,2831,4357
140,2020-04,4357,5096,9453
141,2020-01,0,2237,2237
141,2020-02,2237,1852,4089
141,2020-03,4089,630,4719
141,2020-04,4719,425,5144
142,2020-01,0,1378,1378
142,2020-02,1378,938,2316
142,2020-03,2316,1293,3609
142,2020-04,3609,646,4255
143,2020-01,0,807,807
143,2020-02,807,1504,2311
143,2020-03,2311,1647,3958
143,2020-04,3958,3963,7921
144,2020-01,0,1853,1853
144,2020-02,1853,2545,4398
144,2020-03,4398,470,4868
144,2020-04,4868,2975,7843
145,2020-01,0,3781,3781
145,2020-02,3781,3715,7496
145,2020-03,7496,3179,10675
145,2020-04,10675,0,10675
146,2020-01,0,3115,3115
146,2020-02,3115,2460,5575
146,2020-03,5575,2488,8063
146,2020-04,8063,64,8127
147,2020-01,0,934,934
147,2020-02,934,1098,2032
147,2020-03,2032,0,2032
147,2020-04,2032,0,2032
148,2020-01,0,88,88
148,2020-02,88,2555,2643
148,2020-03,2643,1087,3730
148,2020-04,3730,654,4384
149,2020-01,0,2314,2314
149,2020-02,2314,23,2337
149,2020-03,2337,3749,6086
149,2020-04,6086,0,6086
150,2020-01,0,2920,2920
150,2020-02,2920,1450,4370
150,2020-03,4370,1522,5892
150,2020-04,5892,825,6717
151,2020-01,0,1367,1367
151,2020-02,1367,1362,2729
151,2020-03,2729,1866,4595
151,2020-04,4595,0,4595
152,2020-01,0,1831,1831
152,2020-02,1831,4357,6188
152,2020-03,6188,82,6270
152,2020-04,6270,0,6270
153,2020-01,0,3462,3462
153,2020-02,3462,4278,7740
153,2020-03,7740,3041,10781
153,2020-04,10781,0,10781
154,2020-01,0,3092,3092
154,2020-02,3092,3128,6220
154,2020-03,6220,3066,9286
154,2020-04,9286,623,9909
155,2020-01,0,2420,2420
155,2020-02,2420,3553,5973
155,2020-03,5973,4698,10671
155,2020-04,10671,1153,11824
156,2020-01,0,82,82
156,2020-02,82,0,82
156,2020-03,82,0,82
156,2020-04,82,230,312
157,2020-01,0,1304,1304
157,2020-02,1304,749,2053
157,2020-03,2053,3377,5430
157,2020-04,5430,0,5430
158,2020-01,0,1228,1228
158,2020-02,1228,192,1420
158,2020-03,1420,3470,4890
158,2020-04,4890,0,4890
159,2020-01,0,1639,1639
159,2020-02,1639,0,1639
159,2020-03,1639,0,1639
159,2020-04,1639,0,1639
160,2020-01,0,843,843
160,2020-02,843,4618,5461
160,2020-03,5461,2146,7607
160,2020-04,7607,1028,8635
161,2020-01,0,2173,2173
161,2020-02,2173,2752,4925
161,2020-03,4925,4828,9753
161,2020-04,9753,0,9753
162,2020-01,0,123,123
162,2020-02,123,1033,1156
162,2020-03,1156,0,1156
162,2020-04,1156,0,1156
163,2020-01,0,1119,1119
163,2020-02,1119,255,1374
163,2020-03,1374,2788,4162
163,2020-04,4162,3157,7319
164,2020-01,0,548,548
164,2020-02,548,409,957
164,2020-03,957,0,957
164,2020-04,957,0,957
165,2020-01,0,1805,1805
165,2020-02,1805,1897,3702
165,2020-03,3702,3043,6745
165,2020-04,6745,2856,9601
166,2020-01,0,957,957
166,2020-02,957,589,1546
166,2020-03,1546,813,2359
166,2020-04,2359,480,2839
167,2020-01,0,51,51
167,2020-02,51,2107,2158
167,2020-03,2158,1168,3326
167,2020-04,3326,3904,7230
168,2020-01,0,114,114
168,2020-02,114,1289,1403
168,2020-03,1403,0,1403
168,2020-04,1403,0,1403
169,2020-01,0,3139,3139
169,2020-02,3139,1091,4230
169,2020-03,4230,1333,5563
169,2020-04,5563,897,6460
170,2020-01,0,2292,2292
170,2020-02,2292,335,2627
170,2020-03,2627,2234,4861
170,2020-04,4861,1305,6166
171,2020-01,0,1933,1933
171,2020-02,1933,3503,5436
171,2020-03,5436,1411,6847
171,2020-04,6847,1604,8451
172,2020-01,0,1758,1758
172,2020-02,1758,0,1758
172,2020-03,1758,982,2740
172,2020-04,2740,0,2740
173,2020-01,0,1298,1298
173,2020-02,1298,872,2170
173,2020-03,2170,2054,4224
173,2020-04,4224,791,5015
174,2020-01,0,1142,1142
174,2020-02,1142,1676,2818
174,2020-03,2818,2967,5785
174,2020-04,5785,1779,7564
175,2020-01,0,2322,2322
175,2020-02,2322,913,3235
175,2020-03,3235,1287,4522
175,2020-04,4522,2067,6589
176,2020-01,0,655,655
176,2020-02,655,1606,2261
176,2020-03,2261,1136,3397
176,2020-04,3397,536,3933
177,2020-01,0,405,405
177,2020-02,405,2435,2840
177,2020-03,2840,6058,8898
177,2020-04,8898,1774,10672
178,2020-01,0,252,252
178,2020-02,252,797,1049
178,2020-03,1049,1597,2646
178,2020-04,2646,2373,5019
179,2020-01,0,2848,2848
179,2020-02,2848,3014,5862
179,2020-03,5862,5599,11461
179,2020-04,11461,0,11461
180,2020-01,0,2178,2178
180,2020-02,2178,970,3148
180,2020-03,3148,996,4144
180,2020-04,4144,371,4515
181,2020-01,0,3115,3115
181,2020-02,3115,4900,8015
181,2020-03,8015,1797,9812
181,2020-04,9812,0,9812
182,2020-01,0,97,97
182,2020-02,97,2236,2333
182,2020-03,2333,798,3131
182,2020-04,3131,1162,4293
183,2020-01,0,2228,2228
183,2020-02,2228,3189,5417
183,2020-03,5417,2354,7771
183,2020-04,7771,2235,10006
184,2020-01,0,472,472
184,2020-02,472,3657,4129
184,2020-03,4129,2199,6328
184,2020-04,6328,2592,8920
185,2020-01,0,626,626
185,2020-02,626,2209,2835
185,2020-03,2835,2572,5407
185,2020-04,5407,5550,10957
186,2020-01,0,1402,1402
186,2020-02,1402,2081,3483
186,2020-03,3483,3873,7356
186,2020-04,7356,2120,9476
187,2020-01,0,1409,1409
187,2020-02,1409,1264,2673
187,2020-03,2673,1681,4354
187,2020-04,4354,1068,5422
188,2020-01,0,1904,1904
188,2020-02,1904,2737,4641
188,2020-03,4641,2135,6776
188,2020-04,6776,527,7303
189,2020-01,0,2796,2796
189,2020-02,2796,1263,4059
189,2020-03,4059,1906,5965
189,2020-04,5965,0,5965
190,2020-01,0,14,14
190,2020-02,14,445,459
190,2020-03,459,962,1421
190,2020-04,1421,655,2076
191,2020-01,0,1632,1632
191,2020-02,1632,612,2244
191,2020-03,2244,270,2514
191,2020-04,2514,157,2671
192,2020-01,0,2526,2526
192,2020-02,2526,5699,8225
192,2020-03,8225,3466,11691
192,2020-04,11691,756,12447
193,2020-01,0,689,689
193,2020-02,689,0,689
193,2020-03,689,203,892
193,2020-04,892,0,892
194,2020-01,0,137,137
194,2020-02,137,2420,2557
194,2020-03,2557,4843,7400
194,2020-04,7400,1569,8969
195,2020-01,0,489,489
195,2020-02,489,0,489
195,2020-03,489,83,572
195,2020-04,572,0,572
196,2020-01,0,734,734
196,2020-02,734,1585,2319
196,2020-03,2319,87,2406
196,2020-04,2406,0,2406
197,2020-01,0,852,852
197,2020-02,852,3341,4193
197,2020-03,4193,4886,9079
197,2020-04,9079,3430,12509
198,2020-01,0,1430,1430
198,2020-02,1430,1462,2892
198,2020-03,2892,2461,5353
198,2020-04,5353,496,5849
199,2020-01,0,530,530
199,2020-02,530,1359,1889
199,2020-03,1889,529,2418
199,2020-04,2418,1116,3534
200,2020-01,0,997,997
200,2020-02,997,2345,3342
200,2020-03,3342,1844,5186
200,2020-04,5186,555,5741
201,2020-01,0,2939,2939
201,2020-02,2939,431,3370
201,2020-03,3370,6043,9413
201,2020-04,9413,0,9413
202,2020-01,0,1422,1422
202,2020-02,1422,2430,3852
202,2020-03,3852,3369,7221
202,2020-04,7221,0,7221
203,2020-01,0,3836,3836
203,2020-02,3836,3399,7235
203,2020-03,7235,3216,10451
203,2020-04,10451,24,10475
204,2020-01,0,749,749
204,2020-02,749,290,1039
204,2020-03,1039,548,1587
204,2020-04,1587,306,1893
205,2020-01,0,4574,4574
205,2020-02,4574,4449,9023
205,2020-03,9023,144,9167
205,2020-04,9167,0,9167
206,2020-01,0,2517,2517
206,2020-02,2517,734,3251
206,2020-03,3251,4025,7276
206,2020-04,7276,400,7676
207,2020-01,0,322,322
207,2020-02,322,3022,3344
207,2020-03,3344,1982,5326
207,2020-04,5326,1138,6464
208,2020-01,0,537,537
208,2020-02,537,131,668
208,2020-03,668,0,668
208,2020-04,668,955,1623
209,2020-01,0,2330,2330
209,2020-02,2330,912,3242
209,2020-03,3242,3362,6604
209,2020-04,6604,1085,7689
210,2020-01,0,1562,1562
210,2020-02,1562,3957,5519
210,2020-03,5519,4232,9751
210,2020-04,9751,517,10268
211,2020-01,0,1421,1421
211,2020-02,1421,3156,4577
211,2020-03,4577,4708,9285
211,2020-04,9285,859,10144
212,2020-01,0,1008,1008
212,2020-02,1008,1955,2963
212,2020-03,2963,4102,7065
212,2020-04,7065,0,7065
213,2020-01,0,2175,2175
213,2020-02,2175,1704,3879
213,2020-03,3879,1109,4988
213,2020-04,4988,533,5521
214,2020-01,0,1477,1477
214,2020-02,1477,1942,3419
214,2020-03,3419,1594,5013
214,2020-04,5013,1811,6824
215,2020-01,0,822,822
215,2020-02,822,2948,3770
215,2020-03,3770,1073,4843
215,2020-04,4843,283,5126
216,2020-01,0,3721,3721
216,2020-02,3721,3855,7576
216,2020-03,7576,2430,10006
216,2020-04,10006,982,10988
217,2020-01,0,2766,2766
217,2020-02,2766,4179,6945
217,2020-03,6945,3326,10271
217,2020-04,10271,0,10271
218,2020-01,0,208,208
218,2020-02,208,3326,3534
218,2020-03,3534,6227,9761
218,2020-04,9761,1792,11553
219,2020-01,0,713,713
219,2020-02,713,2424,3137
219,2020-03,3137,2535,5672
219,2020-04,5672,802,6474
220,2020-01,0,307,307
220,2020-02,307,2173,2480
220,2020-03,2480,1901,4381
220,2020-04,4381,1909,6290
221,2020-01,0,1412,1412
221,2020-02,1412,919,2331
221,2020-03,2331,1050,3381
221,2020-04,3381,0,3381
222,2020-01,0,657,657
222,2020-02,657,2474,3131
222,2020-03,3131,861,3992
222,2020-04,3992,396,4388
223,2020-01,0,2828,2828
223,2020-02,2828,1496,4324
223,2020-03,4324,4005,8329
223,2020-04,8329,1692,10021
224,2020-01,0,487,487
224,2020-02,487,2491,2978
224,2020-03,2978,4113,7091
224,2020-04,7091,212,7303
225,2020-01,0,280,280
225,2020-02,280,1347,1627
225,2020-03,1627,748,2375
225,2020-04,2375,0,2375
226,2020-01,0,3746,3746
226,2020-02,3746,3074,6820
226,2020-03,6820,2683,9503
226,2020-04,9503,1283,10786
227,2020-01,0,1558,1558
227,2020-02,1558,1321,2879
227,2020-03,2879,2077,4956
227,2020-04,4956,825,5781
228,2020-01,0,294,294
228,2020-02,294,547,841
228,2020-03,841,1471,2312
228,2020-04,2312,0,2312
229,2020-01,0,621,621
229,2020-02,621,997,1618
229,2020-03,1618,915,2533
229,2020-04,2533,0,2533
230,2020-01,0,851,851
230,2020-02,851,1427,2278
230,2020-03,2278,1438,3716
230,2020-04,3716,72,3788
231,2020-01,0,480,480
231,2020-02,480,1770,2250
231,2020-03,2250,1476,3726
231,2020-04,3726,509,4235
232,2020-01,0,3036,3036
232,2020-02,3036,2740,5776
232,2020-03,5776,1579,7355
232,2020-04,7355,0,7355
233,2020-01,0,2737,2737
233,2020-02,2737,2171,4908
233,2020-03,4908,832,5740
233,2020-04,5740,0,5740
234,2020-01,0,2098,2098
234,2020-02,2098,2910,5008
234,2020-03,5008,5718,10726
234,2020-04,10726,0,10726
235,2020-01,0,3409,3409
235,2020-02,3409,1487,4896
235,2020-03,4896,560,5456
235,2020-04,5456,0,5456
236,2020-01,0,356,356
236,2020-02,356,1043,1399
236,2020-03,1399,3339,4738
236,2020-04,4738,1024,5762
237,2020-01,0,386,386
237,2020-02,386,1380,1766
237,2020-03,1766,1431,3197
237,2020-04,3197,2079,5276
238,2020-01,0,990,990
238,2020-02,990,1024,2014
238,2020-03,2014,0,2014
238,2020-04,2014,1749,3763
239,2020-01,0,1552,1552
239,2020-02,1552,716,2268
239,2020-03,2268,2316,4584
239,2020-04,4584,1297,5881
240,2020-01,0,3926,3926
240,2020-02,3926,354,4280
240,2020-03,4280,3898,8178
240,2020-04,8178,461,8639
241,2020-01,0,302,302
241,2020-02,302,0,302
241,2020-03,302,0,302
241,2020-04,302,0,302
242,2020-01,0,1597,1597
242,2020-02,1597,2463,4060
242,2020-03,4060,2001,6061
242,2020-04,6061,2905,8966
243,2020-01,0,862,862
243,2020-02,862,0,862
243,2020-03,862,1347,2209
243,2020-04,2209,0,2209
244,2020-01,0,728,728
244,2020-02,728,1464,2192
244,2020-03,2192,178,2370
244,2020-04,2370,1053,3423
245,2020-01,0,76,76
245,2020-02,76,1057,1133
245,2020-03,1133,3360,4493
245,2020-04,4493,3792,8285
246,2020-01,0,506,506
246,2020-02,506,1140,1646
246,2020-03,1646,2125,3771
246,2020-04,3771,2939,6710
247,2020-01,0,983,983
247,2020-02,983,1102,2085
247,2020-03,2085,544,2629
247,2020-04,2629,0,2629
248,2020-01,0,304,304
248,2020-02,304,1597,1901
248,2020-03,1901,2164,4065
248,2020-04,4065,1805,5870
249,2020-01,0,336,336
249,2020-02,336,0,336
249,2020-03,336,729,1065
249,2020-04,1065,170,1235
250,2020-01,0,1101,1101
250,2020-02,1101,1849,2950
250,2020-03,2950,2891,5841
250,2020-04,5841,1732,7573
251,2020-01,0,2318,2318
251,2020-02,2318,2600,4918
251,2020-03,4918,3626,8544
251,2020-04,8544,653,9197
252,2020-01,0,1675,1675
252,2020-02,1675,0,1675
252,2020-03,1675,0,1675
252,2020-04,1675,156,1831
253,2020-01,0,2530,2530
253,2020-02,2530,2433,4963
253,2020-03,4963,1566,6529
253,2020-04,6529,2467,8996
254,2020-01,0,1676,1676
254,2020-02,1676,2919,4595
254,2020-03,4595,3867,8462
254,2020-04,8462,0,8462
255,2020-01,0,873,873
255,2020-02,873,834,1707
255,2020-03,1707,887,2594
255,2020-04,2594,0,2594
256,2020-01,0,1743,1743
256,2020-02,1743,2781,4524
256,2020-03,4524,2034,6558
256,2020-04,6558,2102,8660
257,2020-01,0,572,572
257,2020-02,572,3051,3623
257,2020-03,3623,2833,6456
257,2020-04,6456,504,6960
258,2020-01,0,590,590
258,2020-02,590,1666,2256
258,2020-03,2256,2133,4389
258,2020-04,4389,1428,5817
259,2020-01,0,4742,4742
259,2020-02,4742,2473,7215
259,2020-03,7215,1637,8852
259,2020-04,8852,0,8852
260,2020-01,0,1865,1865
260,2020-02,1865,0,1865
260,2020-03,1865,1948,3813
260,2020-04,3813,0,3813
261,2020-01,0,746,746
261,2020-02,746,1340,2086
261,2020-03,2086,1737,3823
261,2020-04,3823,298,4121
262,2020-01,0,1236,1236
262,2020-02,1236,1529,2765
262,2020-03,2765,3317,6082
262,2020-04,6082,0,6082
263,2020-01,0,312,312
263,2020-02,312,200,512
263,2020-03,512,0,512
263,2020-04,512,658,1170
264,2020-01,0,1064,1064
264,2020-02,1064,925,1989
264,2020-03,1989,3927,5916
264,2020-04,5916,793,6709
265,2020-01,0,1611,1611
265,2020-02,1611,1456,3067
265,2020-03,3067,3949,7016
265,2020-04,7016,644,7660
266,2020-01,0,651,651
266,2020-02,651,804,1455
266,2020-03,1455,668,2123
266,2020-04,2123,1365,3488
267,2020-01,0,1519,1519
267,2020-02,1519,1875,3394
267,2020-03,3394,3570,6964
267,2020-04,6964,2794,9758
268,2020-01,0,3565,3565
268,2020-02,3565,2582,6147
268,2020-03,6147,1319,7466
268,2020-04,7466,488,7954
269,2020-01,0,4675,4675
269,2020-02,4675,2028,6703
269,2020-03,6703,1563,8266
269,2020-04,8266,802,9068
270,2020-01,0,1395,1395
270,2020-02,1395,2242,3637
270,2020-03,3637,2048,5685
270,2020-04,5685,1041,6726
271,2020-01,0,3160,3160
271,2020-02,3160,2192,5352
271,2020-03,5352,4526,9878
271,2020-04,9878,918,10796
272,2020-01,0,1640,1640
272,2020-02,1640,2497,4137
272,2020-03,4137,0,4137
272,2020-04,4137,1512,5649
273,2020-01,0,876,876
273,2020-02,876,2675,3551
273,2020-03,3551,1679,5230
273,2020-04,5230,1232,6462
274,2020-01,0,3908,3908
274,2020-02,3908,3082,6990
274,2020-03,6990,1396,8386
274,2020-04,8386,0,8386
275,2020-01,0,211,211
275,2020-02,211,1642,1853
275,2020-03,1853,5382,7235
275,2020-04,7235,3772,11007
276,2020-01,0,3903,3903
276,2020-02,3903,1701,5604
276,2020-03,5604,2774,8378
276,2020-04,8378,0,8378
277,2020-01,0,615,615
277,2020-02,615,796,1411
277,2020-03,1411,1346,2757
277,2020-04,2757,0,2757
278,2020-01,0,1309,1309
278,2020-02,1309,2226,3535
278,2020-03,3535,607,4142
278,2020-04,4142,2908,7050
279,2020-01,0,1895,1895
279,2020-02,1895,1746,3641
279,2020-03,3641,978,4619
279,2020-04,4619,80,4699
280,2020-01,0,1581,1581
280,2020-02,1581,1632,3213
280,2020-03,3213,1026,4239
280,2020-04,4239,0,4239
281,2020-01,0,3044,3044
281,2020-02,3044,3107,6151
281,2020-03,6151,5349,11500
281,2020-04,11500,812,12312
282,2020-01,0,74,74
282,2020-02,74,787,861
282,2020-03,861,2044,2905
282,2020-04,2905,1818,4723
283,2020-01,0,4579,4579
283,2020-02,4579,1733,6312
283,2020-03,6312,2903,9215
283,2020-04,9215,1424,10639
284,2020-01,0,257,257
284,2020-02,257,5163,5420
284,2020-03,5420,3618,9038
284,2020-04,9038,2735,11773
285,2020-01,0,360,360
285,2020-02,360,998,1358
285,2020-03,1358,607,1965
285,2020-04,1965,0,1965
286,2020-01,0,177,177
286,2020-02,177,6,183
286,2020-03,183,0,183
286,2020-04,183,0,183
287,2020-01,0,658,658
287,2020-02,658,1761,2419
287,2020-03,2419,2997,5416
287,2020-04,5416,1292,6708
288,2020-01,0,1920,1920
288,2020-02,1920,1819,3739
288,2020-03,3739,352,4091
288,2020-04,4091,0,4091
289,2020-01,0,838,838
289,2020-02,838,2421,3259
289,2020-03,3259,2957,6216
289,2020-04,6216,1803,8019
290,2020-01,0,2259,2259
290,2020-02,2259,2758,5017
290,2020-03,5017,922,5939
290,2020-04,5939,2040,7979
291,2020-01,0,930,930
291,2020-02,930,0,930
291,2020-03,930,0,930
291,2020-04,930,995,1925
292,2020-01,0,3730,3730
292,2020-02,3730,1188,4918
292,2020-03,4918,1806,6724
292,2020-04,6724,0,6724
293,2020-01,0,1657,1657
293,2020-02,1657,3399,5056
293,2020-03,5056,858,5914
293,2020-04,5914,730,6644
294,2020-01,0,307,307
294,2020-02,307,2230,2537
294,2020-03,2537,850,3387
294,2020-04,3387,0,3387
295,2020-01,0,636,636
295,2020-02,636,1556,2192
295,2020-03,2192,1040,3232
295,2020-04,3232,1607,4839
296,2020-01,0,1501,1501
296,2020-02,1501,3153,4654
296,2020-03,4654,477,5131
296,2020-04,5131,911,6042
297,2020-01,0,2428,2428
297,2020-02,2428,2809,5237
297,2020-03,5237,2253,7490
297,2020-04,7490,278,7768
298,2020-01,0,2340,2340
298,2020-02,2340,4094,6434
298,2020-03,6434,1367,7801
298,2020-04,7801,722,8523
299,2020-01,0,2239,2239
299,2020-02,2239,2047,4286
299,2020-03,4286,3688,7974
299,2020-04,7974,0,7974
300,2020-01,0,672,672
300,2020-02,672,1661,2333
300,2020-03,2333,4553,6886
300,2020-04,6886,805,7691
301,2020-01,0,2196,2196
301,2020-02,2196,3785,5981
301,2020-03,5981,3861,9842
301,2020-04,9842,107,9949
302,2020-01,0,1785,1785
302,2020-02,1785,1634,3419
302,2020-03,3419,2317,5736
302,2020-04,5736,615,6351
303,2020-01,0,534,534
303,2020-02,534,1845,2379
303,2020-03,2379,3154,5533
303,2020-04,5533,1777,7310
304,2020-01,0,1544,1544
304,2020-02,1544,1976,3520
304,2020-03,3520,2960,6480
304,2020-04,6480,1135,7615
305,2020-01,0,784,784
305,2020-02,784,865,1649
305,2020-03,1649,1791,3440
305,2020-04,3440,0,3440
306,2020-01,0,402,402
306,2020-02,402,0,402
306,2020-03,402,3282,3684
306,2020-04,3684,6699,10383
307,2020-01,0,1422,1422
307,2020-02,1422,2128,3550
307,2020-03,3550,1509,5059
307,2020-04,5059,463,5522
308,2020-01,0,2125,2125
308,2020-02,2125,877,3002
308,2020-03,3002,2204,5206
308,2020-04,5206,977,6183
309,2020-01,0,2353,2353
309,2020-02,2353,3877,6230
309,2020-03,6230,1889,8119
309,2020-04,8119,1229,9348
310,2020-01,0,860,860
310,2020-02,860,704,1564
310,2020-03,1564,2910,4474
310,2020-04,4474,0,4474
311,2020-01,0,2298,2298
311,2020-02,2298,1910,4208
311,2020-03,4208,1961,6169
311,2020-04,6169,514,6683
312,2020-01,0,485,485
312,2020-02,485,2055,2540
312,2020-03,2540,1855,4395
312,2020-04,4395,1253,5648
313,2020-01,0,901,901
313,2020-02,901,705,1606
313,2020-03,1606,2283,3889
313,2020-04,3889,1671,5560
314,2020-01,0,448,448
314,2020-02,448,1081,1529
314,2020-03,1529,724,2253
314,2020-04,2253,1266,3519
315,2020-01,0,1295,1295
315,2020-02,1295,54,1349
315,2020-03,1349,938,2287
315,2020-04,2287,0,2287
316,2020-01,0,184,184
316,2020-02,184,2667,2851
316,2020-03,2851,1344,4195
316,2020-04,4195,0,4195
317,2020-01,0,869,869
317,2020-02,869,363,1232
317,2020-03,1232,0,1232
317,2020-04,1232,237,1469
318,2020-01,0,1119,1119
318,2020-02,1119,663,1782
318,2020-03,1782,1306,3088
318,2020-04,3088,0,3088
319,2020-01,0,83,83
319,2020-02,83,786,869
319,2020-03,869,1427,2296
319,2020-04,2296,0,2296
320,2020-01,0,2426,2426
320,2020-02,2426,2761,5187
320,2020-03,5187,746,5933
320,2020-04,5933,612,6545
321,2020-01,0,243,243
321,2020-02,243,842,1085
321,2020-03,1085,0,1085
321,2020-04,1085,785,1870
322,2020-01,0,1949,1949
322,2020-02,1949,2484,4433
322,2020-03,4433,1402,5835
322,2020-04,5835,0,5835
323,2020-01,0,1323,1323
323,2020-02,1323,3203,4526
323,2020-03,4526,2496,7022
323,2020-04,7022,1741,8763
324,2020-01,0,1839,1839
324,2020-02,1839,764,2603
324,2020-03,2603,1841,4444
324,2020-04,4444,0,4444
325,2020-01,0,60,60
325,2020-02,60,1938,1998
325,2020-03,1998,2670,4668
325,2020-04,4668,0,4668
326,2020-01,0,1167,1167
326,2020-02,1167,628,1795
326,2020-03,1795,0,1795
326,2020-04,1795,0,1795
327,2020-01,0,919,919
327,2020-02,919,0,919
327,2020-03,919,2331,3250
327,2020-04,3250,0,3250
328,2020-01,0,2018,2018
328,2020-02,2018,2194,4212
328,2020-03,4212,4753,8965
328,2020-04,8965,1308,10273
329,2020-01,0,831,831
329,2020-02,831,1971,2802
329,2020-03,2802,628,3430
329,2020-04,3430,1904,5334
330,2020-01,0,826,826
330,2020-02,826,2265,3091
330,2020-03,3091,4299,7390
330,2020-04,7390,808,8198
331,2020-01,0,2842,2842
331,2020-02,2842,2673,5515
331,2020-03,5515,1752,7267
331,2020-04,7267,0,7267
332,2020-01,0,986,986
332,2020-02,986,4027,5013
332,2020-03,5013,1883,6896
332,2020-04,6896,1534,8430
333,2020-01,0,2963,2963
333,2020-02,2963,1490,4453
333,2020-03,4453,2466,6919
333,2020-04,6919,353,7272
334,2020-01,0,1177,1177
334,2020-02,1177,1547,2724
334,2020-03,2724,795,3519
334,2020-04,3519,811,4330
335,2020-01,0,756,756
335,2020-02,756,1358,2114
335,2020-03,2114,2059,4173
335,2020-04,4173,0,4173
336,2020-01,0,543,543
336,2020-02,543,1138,1681
336,2020-03,1681,730,2411
336,2020-04,2411,464,2875
337,2020-01,0,1426,1426
337,2020-02,1426,882,2308
337,2020-03,2308,1598,3906
337,2020-04,3906,458,4364
338,2020-01,0,1498,1498
338,2020-02,1498,2505,4003
338,2020-03,4003,2466,6469
338,2020-04,6469,1503,7972
339,2020-01,0,1386,1386
339,2020-02,1386,3764,5150
339,2020-03,5150,1559,6709
339,2020-04,6709,0,6709
340,2020-01,0,1198,1198
340,2020-02,1198,3546,4744
340,2020-03,4744,4805,9549
340,2020-04,9549,831,10380
341,2020-01,0,345,345
341,2020-02,345,1372,1717
341,2020-03,1717,1276,2993
341,2020-04,2993,375,3368
342,2020-01,0,347,347
342,2020-02,347,2572,2919
342,2020-03,2919,2682,5601
342,2020-04,5601,1886,7487
343,2020-01,0,2251,2251
343,2020-02,2251,1492,3743
343,2020-03,3743,1852,5595
343,2020-04,5595,0,5595
344,2020-01,0,3300,3300
344,2020-02,3300,4729,8029
344,2020-03,8029,3144,11173
344,2020-04,11173,0,11173
345,2020-01,0,2406,2406
345,2020-02,2406,550,2956
345,2020-03,2956,1638,4594
345,2020-04,4594,0,4594
346,2020-01,0,916,916
346,2020-02,916,1968,2884
346,2020-03,2884,0,2884
346,2020-04,2884,5218,8102
347,2020-01,0,858,858
347,2020-02,858,1169,2027
347,2020-03,2027,3069,5096
347,2020-04,5096,0,5096
348,2020-01,0,823,823
348,2020-02,823,885,1708
348,2020-03,1708,1177,2885
348,2020-04,2885,1893,4778
349,2020-01,0,1990,1990
349,2020-02,1990,1916,3906
349,2020-03,3906,4203,8109
349,2020-04,8109,655,8764
350,2020-01,0,2200,2200
350,2020-02,2200,1642,3842
350,2020-03,3842,3010,6852
350,2020-04,6852,1059,7911
351,2020-01,0,2554,2554
351,2020-02,2554,2079,4633
351,2020-03,4633,327,4960
351,2020-04,4960,0,4960
352,2020-01,0,416,416
352,2020-02,416,2028,2444
352,2020-03,2444,1736,4180
352,2020-04,4180,1253,5433
353,2020-01,0,2465,2465
353,2020-02,2465,1264,3729
353,2020-03,3729,2779,6508
353,2020-04,6508,0,6508
354,2020-01,0,822,822
354,2020-02,822,0,822
354,2020-03,822,664,1486
354,2020-04,1486,0,1486
355,2020-01,0,979,979
355,2020-02,979,1483,2462
355,2020-03,2462,943,3405
355,2020-04,3405,1545,4950
356,2020-01,0,4220,4220
356,2020-02,4220,2059,6279
356,2020-03,6279,2589,8868
356,2020-04,8868,2270,11138
357,2020-01,0,780,780
357,2020-02,780,370,1150
357,2020-03,1150,382,1532
357,2020-04,1532,684,2216
358,2020-01,0,2086,2086
358,2020-02,2086,443,2529
358,2020-03,2529,2076,4605
358,2020-04,4605,175,4780
359,2020-01,0,1232,1232
359,2020-02,1232,474,1706
359,2020-03,1706,2545,4251
359,2020-04,4251,281,4532
360,2020-01,0,3174,3174
360,2020-02,3174,2903,6077
360,2020-03,6077,1890,7967
360,2020-04,7967,2839,10806
361,2020-01,0,1254,1254
361,2020-02,1254,432,1686
361,2020-03,1686,0,1686
361,2020-04,1686,0,1686
362,2020-01,0,416,416
362,2020-02,416,65,481
362,2020-03,481,1045,1526
362,2020-04,1526,1179,2705
363,2020-01,0,977,977
363,2020-02,977,2197,3174
363,2020-03,3174,2979,6153
363,2020-04,6153,179,6332
364,2020-01,0,1183,1183
364,2020-02,1183,2519,3702
364,2020-03,3702,3197,6899
364,2020-04,6899,1436,8335
365,2020-01,0,1258,1258
365,2020-02,1258,1828,3086
365,2020-03,3086,1697,4783
365,2020-04,4783,1623,6406
366,2020-01,0,1981,1981
366,2020-02,1981,5982,7963
366,2020-03,7963,1212,9175
366,2020-04,9175,209,9384
367,2020-01,0,239,239
367,2020-02,239,3058,3297
367,2020-03,3297,2634,5931
367,2020-04,5931,1692,7623
368,2020-01,0,1280,1280
368,2020-02,1280,3864,5144
368,2020-03,5144,3322,8466
368,2020-04,8466,1384,9850
369,2020-01,0,486,486
369,2020-02,486,0,486
369,2020-03,486,2445,2931
369,2020-04,2931,0,2931
370,2020-01,0,3021,3021
370,2020-02,3021,2516,5537
370,2020-03,5537,1364,6901
370,2020-04,6901,1379,8280
371,2020-01,0,1190,1190
371,2020-02,1190,2050,3240
371,2020-03,3240,1617,4857
371,2020-04,4857,1238,6095
372,2020-01,0,3374,3374
372,2020-02,3374,3483,6857
372,2020-03,6857,4028,10885
372,2020-04,10885,0,10885
373,2020-01,0,699,699
373,2020-02,699,216,915
373,2020-03,915,780,1695
373,2020-04,1695,2144,3839
374,2020-01,0,3171,3171
374,2020-02,3171,1031,4202
374,2020-03,4202,2168,6370
374,2020-04,6370,0,6370
375,2020-01,0,647,647
375,2020-02,647,2023,2670
375,2020-03,2670,828,3498
375,2020-04,3498,851,4349
376,2020-01,0,2890,2890
376,2020-02,2890,4725,7615
376,2020-03,7615,3897,11512
376,2020-04,11512,0,11512
377,2020-01,0,1220,1220
377,2020-02,1220,434,1654
377,2020-03,1654,0,1654
377,2020-04,1654,1869,3523
378,2020-01,0,856,856
378,2020-02,856,3186,4042
378,2020-03,4042,1540,5582
378,2020-04,5582,0,5582
379,2020-01,0,937,937
379,2020-02,937,1441,2378
379,2020-03,2378,0,2378
379,2020-04,2378,938,3316
380,2020-01,0,1919,1919
380,2020-02,1919,2758,4677
380,2020-03,4677,2335,7012
380,2020-04,7012,0,7012
381,2020-01,0,66,66
381,2020-02,66,926,992
381,2020-03,992,1628,2620
381,2020-04,2620,1763,4383
382,2020-01,0,1157,1157
382,2020-02,1157,2240,3397
382,2020-03,3397,1702,5099
382,2020-04,5099,0,5099
383,2020-01,0,1814,1814
383,2020-02,1814,971,2785
383,2020-03,2785,1552,4337
383,2020-04,4337,2650,6987
384,2020-01,0,714,714
384,2020-02,714,4946,5660
384,2020-03,5660,3087,8747
384,2020-04,8747,0,8747
385,2020-01,0,2344,2344
385,2020-02,2344,0,2344
385,2020-03,2344,4189,6533
385,2020-04,6533,168,6701
386,2020-01,0,1108,1108
386,2020-02,1108,349,1457
386,2020-03,1457,2503,3960
386,2020-04,3960,3727,7687
387,2020-01,0,1069,1069
387,2020-02,1069,0,1069
387,2020-03,1069,1482,2551
387,2020-04,2551,1713,4264
388,2020-01,0,2243,2243
388,2020-02,2243,1117,3360
388,2020-03,3360,472,3832
388,2020-04,3832,222,4054
389,2020-01,0,2087,2087
389,2020-02,2087,2771,4858
389,2020-03,4858,724,5582
389,2020-04,5582,791,6373
390,2020-01,0,909,909
390,2020-02,909,1333,2242
390,2020-03,2242,2725,4967
390,2020-04,4967,2342,7309
391,2020-01,0,1301,1301
391,2020-02,1301,867,2168
391,2020-03,2168,2510,4678
391,2020-04,4678,1336,6014
392,2020-01,0,936,936
392,2020-02,936,1218,2154
392,2020-03,2154,536,2690
392,2020-04,2690,901,3591
393,2020-01,0,659,659
393,2020-02,659,737,1396
393,2020-03,1396,4822,6218
393,2020-04,6218,861,7079
394,2020-01,0,4292,4292
394,2020-02,4292,4316,8608
394,2020-03,8608,1224,9832
394,2020-04,9832,0,9832
395,2020-01,0,1932,1932
395,2020-02,1932,868,2800
395,2020-03,2800,1877,4677
395,2020-04,4677,820,5497
396,2020-01,0,3713,3713
396,2020-02,3713,1709,5422
396,2020-03,5422,2788,8210
396,2020-04,8210,0,8210
397,2020-01,0,973,973
397,2020-02,973,133,1106
397,2020-03,1106,749,1855
397,2020-04,1855,0,1855
398,2020-01,0,3513,3513
398,2020-02,3513,2742,6255
398,2020-03,6255,4994,11249
398,2020-04,11249,0,11249
399,2020-01,0,967,967
399,2020-02,967,1104,2071
399,2020-03,2071,2795,4866
399,2020-04,4866,229,5095
400,2020-01,0,1227,1227
400,2020-02,1227,710,1937
400,2020-03,1937,0,1937
400,2020-04,1937,1747,3684
401,2020-01,0,1810,1810
401,2020-02,1810,127,1937
401,2020-03,1937,1818,3755
401,2020-04,3755,0,3755
402,2020-01,0,1732,1732
402,2020-02,1732,211,1943
402,2020-03,1943,803,2746
402,2020-04,2746,0,2746
403,2020-01,0,1459,1459
403,2020-02,1459,0,1459
403,2020-03,1459,846,2305
403,2020-04,2305,60,2365
404,2020-01,0,4683,4683
404,2020-02,4683,2722,7405
404,2020-03,7405,2947,10352
404,2020-04,10352,0,10352
405,2020-01,0,4683,4683
405,2020-02,4683,2318,7001
405,2020-03,7001,4237,11238
405,2020-04,11238,188,11426
406,2020-01,0,795,795
406,2020-02,795,1322,2117
406,2020-03,2117,1694,3811
406,2020-04,3811,2102,5913
407,2020-01,0,1649,1649
407,2020-02,1649,1247,2896
407,2020-03,2896,946,3842
407,2020-04,3842,2375,6217
408,2020-01,0,1173,1173
408,2020-02,1173,0,1173
408,2020-03,1173,945,2118
408,2020-04,2118,932,3050
409,2020-01,0,155,155
409,2020-02,155,3196,3351
409,2020-03,3351,2932,6283
409,2020-04,6283,1956,8239
410,2020-01,0,1367,1367
410,2020-02,1367,826,2193
410,2020-03,2193,1237,3430
410,2020-04,3430,0,3430
411,2020-01,0,551,551
411,2020-02,551,0,551
411,2020-03,551,0,551
411,2020-04,551,1532,2083
412,2020-01,0,1206,1206
412,2020-02,1206,114,1320
412,2020-03,1320,0,1320
412,2020-04,1320,0,1320
413,2020-01,0,2228,2228
413,2020-02,2228,3122,5350
413,2020-03,5350,0,5350
413,2020-04,5350,271,5621
414,2020-01,0,1873,1873
414,2020-02,1873,0,1873
414,2020-03,1873,1479,3352
414,2020-04,3352,0,3352
415,2020-01,0,1105,1105
415,2020-02,1105,917,2022
415,2020-03,2022,4659,6681
415,2020-04,6681,0,6681
416,2020-01,0,756,756
416,2020-02,756,4923,5679
416,2020-03,5679,3915,9594
416,2020-04,9594,1080,10674
417,2020-01,0,3337,3337
417,2020-02,3337,3370,6707
417,2020-03,6707,779,7486
417,2020-04,7486,307,7793
418,2020-01,0,3065,3065
418,2020-02,3065,4739,7804
418,2020-03,7804,1574,9378
418,2020-04,9378,976,10354
419,2020-01,0,1627,1627
419,2020-02,1627,1998,3625
419,2020-03,3625,1403,5028
419,2020-04,5028,0,5028
420,2020-01,0,582,582
420,2020-02,582,1893,2475
420,2020-03,2475,1152,3627
420,2020-04,3627,1875,5502
421,2020-01,0,1151,1151
421,2020-02,1151,876,2027
421,2020-03,2027,234,2261
421,2020-04,2261,1075,3336
422,2020-01,0,356,356
422,2020-02,356,4497,4853
422,2020-03,4853,3385,8238
422,2020-04,8238,3021,11259
423,2020-01,0,361,361
423,2020-02,361,911,1272
423,2020-03,1272,2331,3603
423,2020-04,3603,0,3603
424,2020-01,0,2585,2585
424,2020-02,2585,6175,8760
424,2020-03,8760,3390,12150
424,2020-04,12150,626,12776
425,2020-01,0,553,553
425,2020-02,553,2594,3147
425,2020-03,3147,562,3709
425,2020-04,3709,778,4487
426,2020-01,0,1904,1904
426,2020-02,1904,2936,4840
426,2020-03,4840,1090,5930
426,2020-04,5930,1000,6930
427,2020-01,0,588,588
427,2020-02,588,2139,2727
427,2020-03,2727,1871,4598
427,2020-04,4598,2326,6924
428,2020-01,0,280,280
428,2020-02,280,1487,1767
428,2020-03,1767,530,2297
428,2020-04,2297,0,2297
429,2020-01,0,82,82
429,2020-02,82,1271,1353
429,2020-03,1353,1031,2384
429,2020-04,2384,855,3239
430,2020-01,0,1666,1666
430,2020-02,1666,1075,2741
430,2020-03,2741,1729,4470
430,2020-04,4470,0,4470
431,2020-01,0,918,918
431,2020-02,918,739,1657
431,2020-03,1657,0,1657
431,2020-04,1657,0,1657
432,2020-01,0,2026,2026
432,2020-02,2026,3874,5900
432,2020-03,5900,1837,7737
432,2020-04,7737,2602,10339
433,2020-01,0,883,883
433,2020-02,883,1053,1936
433,2020-03,1936,626,2562
433,2020-04,2562,0,2562
434,2020-01,0,2673,2673
434,2020-02,2673,3052,5725
434,2020-03,5725,4409,10134
434,2020-04,10134,833,10967
435,2020-01,0,6169,6169
435,2020-02,6169,1291,7460
435,2020-03,7460,2750,10210
435,2020-04,10210,0,10210
436,2020-01,0,917,917
436,2020-02,917,31,948
436,2020-03,948,1562,2510
436,2020-04,2510,0,2510
437,2020-01,0,2231,2231
437,2020-02,2231,1176,3407
437,2020-03,3407,391,3798
437,2020-04,3798,184,3982
438,2020-01,0,2529,2529
438,2020-02,2529,2000,4529
438,2020-03,4529,1936,6465
438,2020-04,6465,0,6465
439,2020-01,0,430,430
439,2020-02,430,0,430
439,2020-03,430,1021,1451
439,2020-04,1451,699,2150
440,2020-01,0,213,213
440,2020-02,213,269,482
440,2020-03,482,826,1308
440,2020-04,1308,0,1308
441,2020-01,0,1165,1165
441,2020-02,1165,1844,3009
441,2020-03,3009,3216,6225
441,2020-04,6225,1387,7612
442,2020-01,0,1904,1904
442,2020-02,1904,3040,4944
442,2020-03,4944,4912,9856
442,2020-04,9856,3345,13201
443,2020-01,0,760,760
443,2020-02,760,1248,2008
443,2020-03,2008,2191,4199
443,2020-04,4199,348,4547
444,2020-01,0,1255,1255
444,2020-02,1255,1261,2516
444,2020-03,2516,2777,5293
444,2020-04,5293,321,5614
445,2020-01,0,2634,2634
445,2020-02,2634,2242,4876
445,2020-03,4876,1026,5902
445,2020-04,5902,2692,8594
446,2020-01,0,412,412
446,2020-02,412,0,412
446,2020-03,412,1209,1621
446,2020-04,1621,458,2079
447,2020-01,0,2853,2853
447,2020-02,2853,1154,4007
447,2020-03,4007,1379,5386
447,2020-04,5386,0,5386
448,2020-01,0,1360,1360
448,2020-02,1360,3401,4761
448,2020-03,4761,2119,6880
448,2020-04,6880,4062,10942
449,2020-01,0,3804,3804
449,2020-02,3804,2320,6124
449,2020-03,6124,883,7007
449,2020-04,7007,0,7007
450,2020-01,0,3077,3077
450,2020-02,3077,628,3705
450,2020-03,3705,578,4283
450,2020-04,4283,701,4984
451,2020-01,0,910,910
451,2020-02,910,2223,3133
451,2020-03,3133,668,3801
451,2020-04,3801,1313,5114
452,2020-01,0,1360,1360
452,2020-02,1360,2816,4176
452,2020-03,4176,873,5049
452,2020-04,5049,0,5049
453,2020-01,0,638,638
453,2020-02,638,1703,2341
453,2020-03,2341,1406,3747
453,2020-04,3747,966,4713
454,2020-01,0,2013,2013
454,2020-02,2013,2152,4165
454,2020-03,4165,3264,7429
454,2020-04,7429,0,7429
455,2020-01,0,329,329
455,2020-02,329,0,329
455,2020-03,329,1214,1543
455,2020-04,1543,0,1543
456,2020-01,0,1314,1314
456,2020-02,1314,5256,6570
456,2020-03,6570,3491,10061
456,2020-04,10061,473,10534
457,2020-01,0,1119,1119
457,2020-02,1119,1029,2148
457,2020-03,2148,1658,3806
457,2020-04,3806,938,4744
458,2020-01,0,715,715
458,2020-02,715,1368,2083
458,2020-03,2083,0,2083
458,2020-04,2083,0,2083
459,2020-01,0,1468,1468
459,2020-02,1468,3988,5456
459,2020-03,5456,866,6322
459,2020-04,6322,0,6322
460,2020-01,0,80,80
460,2020-02,80,2594,2674
460,2020-03,2674,1971,4645
460,2020-04,4645,848,5493
461,2020-01,0,4065,4065
461,2020-02,4065,2180,6245
461,2020-03,6245,219,6464
461,2020-04,6464,0,6464
462,2020-01,0,1331,1331
462,2020-02,1331,2697,4028
462,2020-03,4028,2329,6357
462,2020-04,6357,2844,9201
463,2020-01,0,1166,1166
463,2020-02,1166,2336,3502
463,2020-03,3502,2907,6409
463,2020-04,6409,393,6802
464,2020-01,0,953,953
464,2020-02,953,0,953
464,2020-03,953,1464,2417
464,2020-04,2417,983,3400
465,2020-01,0,955,955
465,2020-02,955,2634,3589
465,2020-03,3589,483,4072
465,2020-04,4072,156,4228
466,2020-01,0,80,80
466,2020-02,80,2345,2425
466,2020-03,2425,260,2685
466,2020-04,2685,0,2685
467,2020-01,0,3022,3022
467,2020-02,3022,3158,6180
467,2020-03,6180,3740,9920
467,2020-04,9920,1564,11484
468,2020-01,0,1839,1839
468,2020-02,1839,1610,3449
468,2020-03,3449,842,4291
468,2020-04,4291,0,4291
469,2020-01,0,386,386
469,2020-02,386,3035,3421
469,2020-03,3421,3867,7288
469,2020-04,7288,735,8023
470,2020-01,0,1507,1507
470,2020-02,1507,688,2195
470,2020-03,2195,0,2195
470,2020-04,2195,0,2195
471,2020-01,0,781,781
471,2020-02,781,0,781
471,2020-03,781,457,1238
471,2020-04,1238,649,1887
472,2020-01,0,1865,1865
472,2020-02,1865,1100,2965
472,2020-03,2965,2171,5136
472,2020-04,5136,4644,9780
473,2020-01,0,3315,3315
473,2020-02,3315,681,3996
473,2020-03,3996,3534,7530
473,2020-04,7530,2142,9672
474,2020-01,0,928,928
474,2020-02,928,789,1717
474,2020-03,1717,398,2115
474,2020-04,2115,0,2115
475,2020-01,0,4253,4253
475,2020-02,4253,1839,6092
475,2020-03,6092,4299,10391
475,2020-04,10391,0,10391
476,2020-01,0,1260,1260
476,2020-02,1260,3599,4859
476,2020-03,4859,2464,7323
476,2020-04,7323,5167,12490
477,2020-01,0,3236,3236
477,2020-02,3236,1558,4794
477,2020-03,4794,3194,7988
477,2020-04,7988,0,7988
478,2020-01,0,1414,1414
478,2020-02,1414,2990,4404
478,2020-03,4404,1169,5573
478,2020-04,5573,0,5573
479,2020-01,0,320,320
479,2020-02,320,647,967
479,2020-03,967,840,1807
479,2020-04,1807,0,1807
480,2020-01,0,522,522
480,2020-02,522,0,522
480,2020-03,522,757,1279
480,2020-04,1279,1036,2315
481,2020-01,0,1480,1480
481,2020-02,1480,1509,2989
481,2020-03,2989,2183,5172
481,2020-04,5172,0,5172
482,2020-01,0,2490,2490
482,2020-02,2490,1485,3975
482,2020-03,3975,1395,5370
482,2020-04,5370,0,5370
483,2020-01,0,2110,2110
483,2020-02,2110,0,2110
483,2020-03,2110,4499,6609
483,2020-04,6609,1519,8128
484,2020-01,0,871,871
484,2020-02,871,0,871
484,2020-03,871,1037,1908
484,2020-04,1908,0,1908
485,2020-01,0,1032,1032
485,2020-02,1032,1491,2523
485,2020-03,2523,2299,4822
485,2020-04,4822,0,4822
486,2020-01,0,2456,2456
486,2020-02,2456,618,3074
486,2020-03,3074,858,3932
486,2020-04,3932,0,3932
487,2020-01,0,1442,1442
487,2020-02,1442,3764,5206
487,2020-03,5206,150,5356
487,2020-04,5356,1438,6794
488,2020-01,0,851,851
488,2020-02,851,540,1391
488,2020-03,1391,709,2100
488,2020-04,2100,221,2321
489,2020-01,0,556,556
489,2020-02,556,2458,3014
489,2020-03,3014,2714,5728
489,2020-04,5728,2418,8146
490,2020-01,0,271,271
490,2020-02,271,823,1094
490,2020-03,1094,0,1094
490,2020-04,1094,318,1412
491,2020-01,0,1925,1925
491,2020-02,1925,1613,3538
491,2020-03,3538,4401,7939
491,2020-04,7939,0,7939
492,2020-01,0,4594,4594
492,2020-02,4594,687,5281
492,2020-03,5281,1332,6613
492,2020-04,6613,0,6613
493,2020-01,0,845,845
493,2020-02,845,2015,2860
493,2020-03,2860,0,2860
493,2020-04,2860,1750,4610
494,2020-01,0,529,529
494,2020-02,529,952,1481
494,2020-03,1481,538,2019
494,2020-04,2019,0,2019
495,2020-01,0,1152,1152
495,2020-02,1152,1216,2368
495,2020-03,2368,1349,3717
495,2020-04,3717,0,3717
496,2020-01,0,47,47
496,2020-02,47,3123,3170
496,2020-03,3170,650,3820
496,2020-04,3820,0,3820
497,2020-01,0,754,754
497,2020-02,754,831,1585
497,2020-03,1585,736,2321
497,2020-04,2321,943,3264
498,2020-01,0,1360,1360
498,2020-02,1360,835,2195
498,2020-03,2195,2194,4389
498,2020-04,4389,499,4888
499,2020-01,0,3104,3104
499,2020-02,3104,3007,6111
499,2020-03,6111,2324,8435
499,2020-04,8435,0,8435
500,2020-01,0,3566,3566
500,2020-02,3566,1485,5051
500,2020-03,5051,4792,9843
500,2020-04,9843,0,9843
